index
2283
332
1582
55
325
154
2624
2457
23
2380
1780
1680
1819
2838
1263
1969
815
2573
444
86
682
424
587
292
998
1625
2618
1809
421
2444
1013
2446
2842
1926
2022
93
872
636
662
2639
1476
390
1380
1170
901
2524
180
230
2371
1735
2098
103
185
2299
1174
1527
882
2759
1512
1715
1701
2067
370
0
977
1614
2721
2358
2567
2389
2588
2228
1379
2787
459
59
1635
1034
2215
2243
1535
2051
2488
2572
2686
2177
1381
1219
1321
1072
2557
1605
208
1274
764
2034
846
1552
1805
1496
766
2722
700
854
1504
2144
2058
2346
2407
2326
850
302
1373
1012
1864
697
91
95
2612
2117
2469
70
1445
654
1159
133
1964
2609
1087
1022
808
1400
860
2168
1849
1469
1659
2032
2676
1881
249
309
244
2248
1370
101
2466
362
2150
2749
2461
2770
993
2188
679
1810
840
127
36
1309
641
1315
2786
1943
1242
604
2394
681
2801
1834
563
2259
691
1388
722
1763
33
1160
767
829
1501
2462
2775
142
579
2665
136
194
660
2508
1038
721
1484
1660
597
935
720
1401
665
1688
2009
742
1536
2623
177
2631
914
50
813
2697
2578
1631
1392
1941
264
1288
2220
1983
1152
116
1839
2031
239
345
2427
1879
2706
1754
1198
1221
503
635
1782
1583
1652
1314
1045
1662
510
1507
267
645
2477
1067
1812
2360
1397
1778
1404
1350
474
2388
583
1057
2790
819
1511
2545
2725
371
1180
967
2506
896
415
1446
210
2367
1691
2356
2096
1852
669
2166
1604
1876
1619
343
2486
1870
1030
1449
528
1728
2421
2042
2674
73
1837
1284
1417
1707
1304
1742
2817
2534
1871
1306
2115
1985
2806
157
1565
701
138
110
1733
1802
2711
624
285
2390
1277
1228
1593
917
620
2619
831
30
85
2741
1146
1431
1784
2164
96
57
53
1317
1651
1097
530
99
1477
1004
1522
1463
2409
401
2006
2133
2028
1779
735
2700
1424
2010
2294
907
115
1880
159
2559
1736
1868
2823
49
2742
534
2658
784
1607
2740
1752
369
1896
758
2454
2089
336
472
1466
2413
308
2142
1385
903
2660
1908
971
2347
2448
1917
1188
2678
200
455
1405
1273
704
1706
1523
1460
2710
1056
1529
1955
481
703
714
1730
2340
1795
2491
2320
869
2647
1966
178
352
675
2602
1933
2824
166
1620
2113
2794
338
2060
1025
709
2437
2080
2541
393
77
372
1959
255
2160
2732
143
543
873
2304
2536
2565
2662
1124
2653
920
319
2249
892
507
859
1435
738
2408
273
1183
559
2073
450
1386
241
566
2066
221
1457
41
724
1495
1272
552
1136
1672
80
1956
1770
2429
2224
2608
1287
453
2797
2594
2241
1285
1689
1002
1486
915
1044
2007
637
628
515
585
1138
2580
837
2019
305
2335
351
384
964
290
1899
667
671
252
1047
612
1655
1283
853
404
64
2297
438
1217
940
465
297
796
2405
1325
1194
2554
2495
109
759
1721
540
699
1533
172
1166
321
687
1807
2313
1589
134
202
1705
2412
190
526
2176
979
1490
995
2315
739
29
1744
1833
2633
27
1299
761
2717
2743
2814
2473
1316
2147
2234
1661
147
522
1255
2569
1189
160
568
2153
1815
417
410
2237
1968
2187
2145
631
2262
1685
2699
1440
2627
1867
2091
2546
1550
985
1474
2292
730
238
1447
2764
806
2190
301
2689
2504
970
1981
1135
702
1186
1855
2520
1070
2839
1451
2734
156
1513
788
1825
2057
786
672
1207
2561
1525
2671
1508
213
2441
1120
779
574
1911
2295
2270
923
2496
674
392
740
1336
67
2172
1576
1420
1767
2458
1209
1065
1665
419
811
1571
406
125
1622
69
745
776
51
817
2311
486
2235
2613
2834
1143
1648
192
2765
1949
2643
618
1723
1562
2507
1071
2685
2617
1333
1261
1200
187
505
1005
323
2598
412
803
2063
736
2312
286
1178
168
1555
340
2257
2122
141
1237
1761
316
603
1021
1080
2452
215
1300
2072
447
2332
1328
334
1462
902
195
2606
2276
232
1711
1564
1382
2084
2549
953
980
2265
1720
1841
139
1750
765
2040
2128
2827
743
1786
2348
2833
2053
2097
1940
2426
1339
2503
1769
1245
1017
2268
2030
772
256
1916
1323
793
2599
1387
288
794
2513
2846
1806
2218
1647
1223
416
1409
1226
2064
2055
1066
1301
1275
182
2020
1913
962
576
949
1103
2075
65
2550
750
2514
2654
2271
1023
1658
2418
1268
1341
1937
1211
1578
2236
753
2323
1709
878
685
1749
1428
1040
2247
2229
771
1181
2415
1666
1790
1193
1822
2401
1928
2804
2456
2610
773
1393
2279
1199
278
2392
1203
1052
4
2714
2577
2088
1747
638
1603
1432
2136
1365
1713
2634
975
816
1289
2845
131
544
422
2308
541
480
2822
1847
1423
2574
726
1637
16
2045
318
1240
2453
2124
2044
2471
1948
68
265
2029
1412
2768
774
1173
479
35
2600
493
1361
2745
2375
361
2134
2803
2201
367
2285
883
1746
2811
1982
2484
955
607
170
1897
337
639
2679
475
1258
1344
763
2026
1111
1077
1891
1027
1645
1950
2178
1725
966
1859
383
366
690
1342
1215
1755
799
433
696
1485
851
2666
7
1616
2690
992
634
399
1667
1216
863
467
642
1921
1878
2603
2789
327
2179
2353
413
861
2169
805
2516
1127
1979
1220
2704
272
569
2256
2230
2579
1235
121
54
1218
2727
303
2396
1410
149
169
2139
2070
299
2798
2474
1000
1483
2191
1890
1905
657
1877
100
1456
1611
491
2211
1887
632
45
1573
1741
1695
1195
2041
561
644
2673
2204
934
2530
1095
950
2206
1797
564
711
1909
919
1150
1900
2551
181
2439
1681
1820
2754
2225
87
2252
556
2377
2310
2167
1
2385
82
2103
1753
2226
881
2641
1991
1884
2459
1712
1832
2793
2264
1234
2716
196
212
1039
2712
2533
820
1068
1368
1471
1062
1158
2037
2767
2085
546
789
1580
2615
1946
2105
2329
1128
2182
1826
258
1539
1548
2193
2384
107
1115
2438
409
2510
281
880
2431
1433
2111
1785
1007
2805
312
1267
2626
2274
2733
1024
2592
242
1629
930
1291
420
457
1354
357
1817
2065
1567
2622
812
818
1437
1569
2795
496
1075
2669
1305
1758
2333
1340
529
1920
728
623
1978
3
1601
266
663
207
26
2423
1295
2008
1783
246
824
2078
72
1626
1556
1893
554
2529
71
801
463
204
1932
1929
945
1091
842
2363
990
1069
1994
2781
1756
1537
231
2467
1768
629
1164
484
1010
1515
440
2628
1531
1572
216
1791
456
1278
1060
1298
274
1452
1914
871
2291
2642
2620
173
1693
2737
778
746
2748
2280
1727
1973
2698
158
2796
1492
1106
403
1598
1541
322
2746
432
2245
622
1367
843
1225
2791
2203
2445
2702
1710
2000
741
119
571
2061
2812
2596
2081
596
1014
827
2175
1051
2036
1544
2553
2071
2681
605
1830
339
1766
1664
2174
151
317
783
2273
1845
2481
2302
1357
2205
2723
2544
1895
1737
1123
52
2090
2584
2208
2349
108
1906
1310
129
2395
2370
2532
1422
1110
2784
1811
428
2272
2515
959
879
1108
1132
1020
694
1259
2583
1690
364
2424
2719
62
2376
1415
1396
298
2616
555
941
32
2393
826
1378
2021
2324
1244
1674
1089
2068
572
214
2398
2792
1872
1904
1584
184
2492
1074
725
311
1043
2571
734
435
2693
989
191
1743
287
25
1337
972
2281
61
257
2688
2016
111
2110
2460
2523
1803
1708
1644
1167
1353
936
331
2131
38
5
2560
2132
251
747
1308
2695
1262
120
407
2818
1796
1788
270
1085
1794
580
2648
1912
233
363
1696
1623
2015
1430
723
2181
1157
2694
1037
2645
2372
2848
2637
1439
2493
1145
2582
2525
684
613
2107
2632
1558
426
2470
610
1509
2728
2657
2003
235
928
2730
1343
550
921
1202
659
797
591
2485
494
886
1222
2383
8
2341
451
2050
2301
495
2406
716
2680
1058
987
218
1640
689
1096
112
1704
865
1394
2344
1107
834
1574
2783
1549
2810
619
942
268
