index
2766
527
448
148
2355
2436
224
2769
443
1922
1987
643
791
6
198
498
1201
1468
1438
2287
1952
2343
1821
373
2033
1426
1282
2587
105
349
1873
88
176
271
686
519
1595
1850
2263
43
1458
1526
2828
1015
1480
1775
106
1413
2708
1425
2017
2652
2476
1402
2601
947
2684
2112
359
2104
81
2123
1936
2238
2109
1702
2253
330
1547
1243
2829
1521
1538
46
1398
1090
548
1102
430
2590
802
1092
983
2184
2077
193
217
2527
932
2359
1673
2420
1520
1076
2517
2382
1675
1169
1923
1600
2430
2232
2194
2625
2636
220
729
1332
1161
954
326
733
2309
2327
1163
1231
1491
680
602
727
2300
1729
1684
2537
1114
1151
1493
1347
1838
1112
153
1129
1560
2328
524
2293
2165
545
1577
1104
2186
2130
1414
1613
1579
1722
1154
965
1829
2785
1649
1597
460
1149
1772
18
2528
2087
1100
1033
2364
1738
1931
968
2555
509
2246
2416
652
560
300
974
825
748
2821
2381
1760
1924
1945
2125
677
1642
2518
2738
1953
1516
984
2494
1886
487
260
828
1384
1907
2082
2121
1989
1246
2002
1176
553
547
429
1254
2552
307
2808
442
1238
2288
1960
1253
1676
414
1798
1187
2083
2511
844
1126
841
832
1925
1028
2316
499
1592
2306
1621
11
2512
1581
2391
259
174
2497
39
439
1517
1079
762
445
2074
867
2705
1534
2614
2434
1061
2314
118
2739
2197
513
981
2046
17
884
706
1214
1411
1500
1972
1036
2677
2342
2318
150
2200
1264
1656
1105
1140
1757
1116
2731
2509
777
223
653
1618
731
2258
1148
1739
2540
1718
1935
1524
1827
899
562
2403
1700
1961
1032
2345
2357
1714
1473
1930
2465
1442
28
651
1519
2005
887
952
707
2137
708
2171
1638
449
551
490
320
355
2668
616
2282
1418
389
2521
1694
2099
951
144
2149
434
1403
500
625
900
531
874
895
1019
201
1856
10
1204
2713
2223
516
1427
787
2317
1236
905
2729
1697
1383
2373
2475
2319
387
1478
1726
358
1155
2156
770
2126
2049
1472
1866
2290
1229
206
76
2468
2048
1073
1464
782
1088
1322
927
717
676
2820
225
2404
2422
2750
137
477
2831
2289
958
2646
1671
1191
595
261
243
1860
2159
2757
188
1781
378
2539
219
2605
1875
1489
577
2835
1854
1345
324
692
2277
397
2837
253
2414
2575
205
2018
183
56
948
377
2585
2106
1206
2566
1683
2682
1699
2753
473
594
922
92
2027
2556
199
1602
664
350
1970
1698
668
2244
897
2209
640
2231
2170
1609
847
2337
1801
1506
1470
2014
909
1646
1461
536
284
1366
2336
582
446
1006
2843
749
2217
2672
1787
1944
514
1934
1762
1248
2531
140
2455
2836
2024
368
1751
2043
2581
2691
862
558
876
1724
1776
2570
2400
1836
744
1416
245
1372
9
2192
810
1318
2012
2629
2102
1627
2092
89
1327
452
2772
521
1053
1011
898
2692
63
1356
2482
1247
1406
1858
754
1835
79
21
2062
1054
2269
857
1421
124
557
1319
858
1082
1434
1286
1530
650
2825
2108
2305
1703
1902
1494
381
2307
1975
961
353
20
986
2298
1256
2487
670
542
1177
502
2771
60
2849
1249
1271
1669
171
1799
713
2663
2735
40
152
2013
1358
263
1395
1280
2338
1131
167
885
1182
1939
1898
277
2500
1497
280
2479
1184
1363
1566
1281
113
2595
658
2799
1113
2240
1528
248
97
346
2809
933
1041
2095
2054
48
1650
2778
2779
1059
1292
1081
314
1976
578
757
1453
1185
2715
1230
2630
856
58
2840
2597
2568
1302
161
405
1296
1454
2254
2143
627
2151
1636
1813
335
1026
2670
1094
2718
2286
1139
1670
1882
2542
2374
1561
1119
344
2361
1800
1885
482
2526
2120
2442
1329
2780
2114
289
2644
2607
1376
1793
2397
1290
1632
1843
388
254
1270
2196
315
75
2267
1716
1499
1883
1502
2709
870
2378
2425
911
83
2052
469
2250
946
1364
1996
1732
2118
1179
943
464
960
2586
19
1197
1213
1303
1408
1208
908
683
1265
1049
1654
916
1554
2656
1459
2180
102
2039
2173
1997
1599
1101
1371
1172
42
1266
1055
1481
504
1147
2362
189
1276
2472
1814
1294
1570
537
1764
2604
1938
1965
2399
1942
1064
889
13
379
458
2447
2260
483
1986
2138
1586
1563
1606
247
2443
1505
845
2242
866
2127
2535
1971
1663
2661
1003
838
1692
2216
1362
1915
2161
44
354
1617
785
1153
2325
2816
2141
608
918
2774
1559
431
2760
1360
2830
1957
732
1988
1927
655
781
2183
1109
2558
982
1992
1375
408
236
830
1390
2207
751
809
2350
2826
2334
2195
1125
1117
1889
1682
1479
2038
2675
2339
2638
891
1777
1624
1391
523
90
1324
719
1455
347
304
2352
1482
1450
621
497
2266
376
1331
341
1042
710
769
1816
2807
1888
1612
126
849
589
2366
567
1212
666
2386
78
2322
1389
1789
1335
1677
814
1205
590
471
937
1448
756
2261
437
2548
1330
1210
1687
425
186
1196
2011
598
1297
328
1553
175
2611
2701
1892
1377
1831
34
615
2464
2562
1252
1351
382
2047
2563
2148
1657
1444
130
2001
1083
2499
14
2387
1773
718
988
2593
581
374
441
1137
423
2463
2185
1719
688
821
1084
1232
926
517
398
1686
2202
1918
2847
128
1141
226
1307
2330
1488
2100
2776
1048
539
333
2093
402
1546
250
973
864
400
1269
520
1740
2667
296
1596
396
2751
755
164
997
2841
279
2640
1765
2788
1130
1532
2251
2758
1241
2543
798
2402
269
823
12
800
535
1467
1001
2478
466
37
2480
2819
2189
877
2163
1634
1503
2752
313
712
2564
2621
575
1518
2815
888
2450
1086
2451
939
2419
15
2296
512
957
1974
1967
693
1863
673
848
570
1919
2025
1346
2198
179
836
2490
1251
2023
790
1734
893
1643
2119
2489
2233
418
1901
991
2214
1542
94
2736
1312
2720
2354
1514
1334
1359
462
1239
938
1551
1436
436
348
792
2101
1487
385
1035
386
2800
1977
203
1162
74
1844
1862
84
1594
240
155
996
1848
237
24
163
2696
1419
1717
1099
294
1407
2773
2649
2303
1475
1575
1954
2284
1587
1846
489
291
1993
1144
737
2157
1313
1118
427
698
969
963
2502
2724
2659
912
1851
2035
533
1903
1134
760
2212
2152
1615
1031
1588
549
868
2213
994
1374
488
1774
1910
2832
1951
2635
229
1540
538
395
929
2687
2154
1260
2519
1338
1823
2056
1962
2547
2664
2483
1122
22
2351
804
573
1279
275
209
599
2239
508
1250
648
2116
1998
2813
2331
1171
1133
2155
2094
2219
1585
468
1046
31
1980
1190
1591
1678
394
2278
104
2222
656
1233
2369
162
647
1808
98
282
1441
310
306
2703
1348
470
518
2140
2135
454
1641
1894
2651
944
276
626
262
234
705
1865
614
1018
2410
1142
795
1543
1842
2417
146
2435
1078
1668
1804
122
1557
775
2379
2449
1771
913
956
2707
2802
661
2777
1121
1545
630
1224
2762
1633
117
2004
135
1009
835
1947
2221
649
1818
1628
1257
197
1995
342
1630
633
2744
1610
1063
586
66
2501
2763
752
1608
2199
47
807
1840
2683
476
1352
2498
506
2059
2522
114
1857
931
1165
1498
906
855
222
1653
593
380
1093
1311
646
1369
123
2755
2432
611
601
2158
1990
501
588
2505
565
1792
1853
894
924
485
2440
2129
1227
356
1465
1050
1568
1999
2538
875
1639
2756
1098
1759
1399
999
2
295
617
715
2368
1861
2275
132
1748
2747
2086
2321
492
910
1156
2162
2411
2782
2428
1429
511
678
2650
2146
976
780
211
1984
2589
1874
600
822
1443
695
293
1320
2365
890
1192
411
978
525
2076
852
329
2591
1326
2210
1008
461
391
925
833
478
2255
1731
1745
584
2576
1349
2655
2069
1869
360
592
1016
2227
165
145
1958
2761
2726
2844
227
375
365
1293
1828
839
2433
1168
609
228
1355
1029
606
1590
532
1679
1175
904
768
2079
1963
1510
1824
283
